                1    -30      0
               31    -44      0
               45    -54      0
               55    -72      0
               73    -83      0
               84    -95      0
               96   -116      0
              117   -131      0
              132   -150      0
              151   -166      0
              167   -185      0
              186   -200      0
              201   -207      0
              208   -214      0
              215   -225      0
              226   -236      0
              237   -247      0
              248   -271      0
              272   -278      0
              279   -300      0
              301   -316      0
              317   -338      0
              339   -348      0
              349   -372      0
              373   -382      0
              383   -404      0
              405   -420      0
              421   -434      0
              435   -444      0
              445   -458      0
              459   -472      0
              473   -482      0
              483   -493      0
              494   -507      0
              508   -526      0
              527   -545      0
              546   -559      0
              560   -569      0
              570   -581      0
              582   -592      0
              593   -604      0
              605   -620      0
              621   -642      0
              643   -661      0
              662   -675      0
              676   -691      0
              692   -713      0
              714   -727      0
              728   -746      0
              747   -758      0
              759   -772      0
              773   -782      0
              783   -804      0
              805   -811      0
              812   -831      0
              832   -847      0
              848   -871      0
              872   -890      0
              891   -901      0
              902   -911      0
              912   -927      0
              928   -947      0
              948   -962      0
              963   -973      0
              974   -992      0
              993  -1008      0
             1009  -1020      0
             1021  -1031      0
             1032  -1045      0
             1046  -1067      0
             1068  -1081      0
             1082  -1103      0
             1104  -1122      0
             1123  -1136      0
             1137  -1155      0
             1156  -1170      0
             1171  -1180      0
             1181  -1192      0
             1193  -1211      0
             1212  -1221      0
             1222  -1235      0
             1236  -1250      0
             1251  -1264      0
             1265  -1286      0
             1287  -1301      0
             1302  -1325      0
             1326  -1349      0
             1350  -1368      0
             1369  -1379      0
             1380  -1395      0
             1396  -1402      0
             1403  -1417      0
             1418  -1424      0
             1425  -1441      0
             1442  -1457      0
             1458  -1468      0
             1469  -1484      0
             1485  -1491      0
             1492  -1503      0
             1504  -1523      0
             1524  -1534      0
             1535  -1551      0
             1552  -1565      0
             1566  -1585      0
             1586  -1596      0
             1597  -1616      0
             1617  -1631      0
             1632  -1638      0
             1639  -1649      0
             1650  -1665      0
             1666  -1681      0
             1682  -1695      0
             1696  -1714      0
             1715  -1734      0
             1735  -1755      0
             1756  -1776      0
             1777  -1800      0
             1801  -1811      0
             1812  -1823      0
             1824  -1833      0
             1834  -1849      0
             1850  -1873      0
             1874  -1897      0
             1898  -1911      0
             1912  -1927      0
             1928  -1941      0
             1942  -1955      0
             1956  -1969      0
             1970  -1988      0
             1989  -2009      0
             2010  -2026      0
             2027  -2043      0
             2044  -2050      0
             2051  -2074      0
             2075  -2091      0
             2092  -2111      0
             2112  -2128      0
             2129  -2140      0
             2141  -2159      0
             2160  -2178      0
             2179  -2195      0
             2196  -2217      0
             2218  -2233      0
             2234  -2247      0
             2248  -2266      0
             2267  -2278      0
             2279  -2292      0
             2293  -2306      0
             2307  -2318      0
             2319  -2337      0
             2338  -2356      0
             2357  -2368      0
             2369  -2382      0
             2383  -2406      0
             2407  -2421      0
             2422  -2428      0
             2429  -2442      0
             2443  -2458      0
             2459  -2480      0
             2481  -2490      0
             2491  -2509      0
             2510  -2516      0
             2517  -2527      0
             2528  -2541      0
             2542  -2548      0
             2549  -2558      0
             2559  -2578      0
             2579  -2592      0
             2593  -2604      0
             2605  -2628      0
             2629  -2647      0
             2648  -2671      0
             2672  -2683      0
             2684  -2703      0
             2704  -2727      0
             2728  -2747      0
             2748  -2766      0
             2767  -2773      0
             2774  -2787      0
             2788  -2797      0
             2798  -2817      0
             2818  -2831      0
             2832  -2841      0
             2842  -2860      0
             2861  -2874      0
             2875  -2889      0
             2890  -2896      0
             2897  -2903      0
             2904  -2920      0
             2921  -2944      0
             2945  -2963      0
             2964  -2974      0
             2975  -2998      0
             2999  -3017      0
             3018  -3032      0
             3033  -3048      0
             3049  -3062      0
             3063  -3069      0
             3070  -3088      0
             3089  -3102      0
             3103  -3116      0
             3117  -3131      0
             3132  -3142      0
             3143  -3149      0
             3150  -3163      0
             3164  -3185      0
             3186  -3192      0
             3193  -3206      0
             3207  -3222      0
             3223  -3229      0
             3230  -3245      0
             3246  -3256      0
             3257  -3280      0
             3281  -3304      0
             3305  -3328      0
             3329  -3348      0
             3349  -3359      0
             3360  -3376      0
             3377  -3383      0
             3384  -3390      0
             3391  -3401      0
             3402  -3408      0
             3409  -3425      0
             3426  -3441      0
             3442  -3453      0
             3454  -3464      0
             3465  -3483      0
             3484  -3494      0
             3495  -3518      0
             3519  -3542      0
             3543  -3552      0
             3553  -3567      0
             3568  -3586      0
             3587  -3606      0
             3607  -3620      0
             3621  -3631      0
             3632  -3643      0
             3644  -3665      0
             3666  -3684      0
             3685  -3698      0
             3699  -3722      0
             3723  -3736      0
             3737  -3746      0
             3747  -3763      0
             3764  -3779      0
             3780  -3794      0
             3795  -3804      0
             3805  -3811      0
             3812  -3831      0
             3832  -3855      0
             3856  -3866      0
             3867  -3878      0
             3879  -3889      0
             3890  -3906      0
             3907  -3913      0
             3914  -3932      0
             3933  -3947      0
             3948  -3963      0
             3964  -3985      0
             3986  -4001      0
             4002  -4013      0
             4014  -4020      0
             4021  -4035      0
             4036  -4055      0
             4056  -4069      0
             4070  -4076      0
             4077  -4092      0
             4093  -4103      0
             4104  -4119      0
             4120  -4131      0
             4132  -4141      0
             4142  -4148      0
             4149  -4155      0
             4156  -4162      0
             4163  -4181      0
             4182  -4205      0
             4206  -4229      0
             4230  -4248      0
             4249  -4267      0
             4268  -4281      0
             4282  -4298      0
             4299  -4312      0
             4313  -4331      0
             4332  -4350      0
             4351  -4364      0
             4365  -4383      0
             4384  -4399      0
             4400  -4416      0
             4417  -4433      0
             4434  -4440      0
             4441  -4457      0
             4458  -4473      0
             4474  -4480      0
             4481  -4502      0
             4503  -4522      0
             4523  -4536      0
             4537  -4550      0
             4551  -4570      0
             4571  -4584      0
             4585  -4600      0
             4601  -4612      0
             4613  -4622      0
             4623  -4639      0
             4640  -4658      0
             4659  -4680      0
             4681  -4696      0
             4697  -4712      0
             4713  -4731      0
             4732  -4745      0
             4746  -4767      0
             4768  -4774      0
             4775  -4795      0
             4796  -4817      0
             4818  -4836      0
             4837  -4860      0
             4861  -4881      0
             4882  -4891      0
             4892  -4901      0
             4902  -4915      0
             4916  -4932      0
             4933  -4953      0
             4954  -4977      0
             4978  -4988      0
             4989  -5005      0
             5006  -5019      0
             5020  -5038      0
             5039  -5053      0
             5054  -5068      0
             5069  -5089      0
             5090  -5113      0
             5114  -5137      0
             5138  -5148      0
             5149  -5155      0
             5156  -5162      0
             5163  -5172      0
             5173  -5193      0
             5194  -5203      0
             5204  -5227      0
             5228  -5251      0
             5252  -5267      0
             5268  -5282      0
             5283  -5299      0
             5300  -5315      0
             5316  -5326      0
             5327  -5348      0
             5349  -5355      0
             5356  -5362      0
             5363  -5378      0
             5379  -5385      0
             5386  -5402      0
             5403  -5422      0
             5423  -5437      0
             5438  -5456      0
             5457  -5475      0
             5476  -5496      0
             5497  -5506      0
             5507  -5526      0
