               31    -44      0

               45    -54      0

               73    -83      0

               96   -116      0

              132   -150      0

              151   -166      0

              167   -185      0

              201   -207      0

              208   -214      0

              215   -225      0

              226   -236      0

              237   -247      0

              248   -271      0

              272   -278      0

              301   -316      0

              339   -348      0

              373   -382      0

              405   -420      0

              421   -434      0

              435   -444      0

              445   -458      0

              459   -472      0

              473   -482      0

              483   -493      0

              494   -507      0

              508   -526      0

              527   -545      0

              546   -559      0

              560   -569      0

              582   -592      0

              605   -620      0

              643   -661      0

              662   -675      0

              676   -691      0

              714   -727      0

              728   -746      0

              759   -772      0

              773   -782      0

              805   -811      0

              812   -831      0

              832   -847      0

              872   -890      0

              891   -901      0

              902   -911      0

              912   -927      0

              928   -947      0

              963   -973      0

              974   -992      0

              993  -1008      0

             1021  -1031      0

             1032  -1045      0

             1068  -1081      0

             1104  -1122      0

             1123  -1136      0

             1137  -1155      0

             1171  -1180      0

             1193  -1211      0

             1212  -1221      0

             1222  -1235      0

             1251  -1264      0

             1350  -1368      0

             1369  -1379      0

             1380  -1395      0

             1396  -1402      0

             1418  -1424      0

             1425  -1441      0

             1442  -1457      0

             1458  -1468      0

             1469  -1484      0

             1485  -1491      0

             1504  -1523      0

             1524  -1534      0

             1535  -1551      0

             1552  -1565      0

             1566  -1585      0

             1586  -1596      0

             1597  -1616      0

             1632  -1638      0

             1639  -1649      0

             1650  -1665      0

             1666  -1681      0

             1682  -1695      0

             1696  -1714      0

             1715  -1734      0

             1735  -1755      0

             1756  -1776      0

             1801  -1811      0

             1824  -1833      0

             1834  -1849      0

             1898  -1911      0

             1912  -1927      0

             1928  -1941      0

             1942  -1955      0

             1956  -1969      0

             1970  -1988      0

             1989  -2009      0

             2010  -2026      0

             2027  -2043      0

             2044  -2050      0

             2075  -2091      0

             2092  -2111      0

             2112  -2128      0

             2141  -2159      0

             2160  -2178      0

             2179  -2195      0

             2218  -2233      0

             2234  -2247      0

             2248  -2266      0

             2279  -2292      0

             2293  -2306      0

             2319  -2337      0

             2338  -2356      0

             2369  -2382      0

             2383  -2406      0

             2407  -2421      0

             2422  -2428      0

             2429  -2442      0

             2443  -2458      0

             2481  -2490      0

             2491  -2509      0

             2510  -2516      0

             2517  -2527      0

             2528  -2541      0

             2542  -2548      0

             2549  -2558      0

             2579  -2592      0

             2605  -2628      0

             2629  -2647      0

             2684  -2703      0

             2704  -2727      0

             2728  -2747      0

             2748  -2766      0

             2767  -2773      0

             2774  -2787      0

             2788  -2797      0

             2798  -2817      0

             2818  -2831      0

             2832  -2841      0

             2842  -2860      0

             2861  -2874      0

             2890  -2896      0

             2897  -2903      0

             2904  -2920      0

             2945  -2963      0

             2964  -2974      0

             2999  -3017      0

             3033  -3048      0

             3049  -3062      0

             3063  -3069      0

             3070  -3088      0

             3089  -3102      0

             3103  -3116      0

             3132  -3142      0

             3143  -3149      0

             3150  -3163      0

             3186  -3192      0

             3193  -3206      0

             3207  -3222      0

             3223  -3229      0

             3230  -3245      0

             3246  -3256      0

             3281  -3304      0

             3329  -3348      0

             3349  -3359      0

             3360  -3376      0

             3377  -3383      0

             3384  -3390      0

             3391  -3401      0

             3402  -3408      0

             3409  -3425      0

             3426  -3441      0

             3454  -3464      0

             3465  -3483      0

             3484  -3494      0

             3519  -3542      0

             3543  -3552      0

             3568  -3586      0

             3587  -3606      0

             3607  -3620      0

             3621  -3631      0

             3666  -3684      0

             3685  -3698      0

             3723  -3736      0

             3737  -3746      0

             3747  -3763      0

             3764  -3779      0

             3795  -3804      0

             3805  -3811      0

             3812  -3831      0

             3856  -3866      0

             3879  -3889      0

             3890  -3906      0

             3907  -3913      0

             3914  -3932      0

             3948  -3963      0

             3986  -4001      0

             4014  -4020      0

             4036  -4055      0

             4056  -4069      0

             4070  -4076      0

             4077  -4092      0

             4093  -4103      0

             4104  -4119      0

             4132  -4141      0

             4142  -4148      0

             4149  -4155      0

             4156  -4162      0

             4163  -4181      0

             4230  -4248      0

             4249  -4267      0

             4268  -4281      0

             4282  -4298      0

             4299  -4312      0

             4313  -4331      0

             4332  -4350      0

             4351  -4364      0

             4365  -4383      0

             4384  -4399      0

             4400  -4416      0

             4417  -4433      0

             4434  -4440      0

             4441  -4457      0

             4458  -4473      0

             4474  -4480      0

             4503  -4522      0

             4523  -4536      0

             4537  -4550      0

             4551  -4570      0

             4571  -4584      0

             4585  -4600      0

             4613  -4622      0

             4623  -4639      0

             4640  -4658      0

             4681  -4696      0

             4697  -4712      0

             4713  -4731      0

             4732  -4745      0

             4768  -4774      0

             4775  -4795      0

             4818  -4836      0

             4861  -4881      0

             4882  -4891      0

             4892  -4901      0

             4902  -4915      0

             4916  -4932      0

             4933  -4953      0

             4978  -4988      0

             4989  -5005      0

             5006  -5019      0

             5020  -5038      0

             5069  -5089      0

             5114  -5137      0

             5138  -5148      0

             5149  -5155      0

             5156  -5162      0

             5163  -5172      0

             5173  -5193      0

             5194  -5203      0

             5228  -5251      0

             5252  -5267      0

             5283  -5299      0

             5300  -5315      0

             5316  -5326      0

             5349  -5355      0

             5356  -5362      0

             5363  -5378      0

             5379  -5385      0

             5386  -5402      0

             5403  -5422      0

             5438  -5456      0

             5457  -5475      0

             5476  -5496      0

             5497  -5506      0

             5527  -5666      0

             5667  -5806      0

             5807  -5946      0

             5947  -6086      0

             6087  -6226      0

             6227  -6366      0

             6367  -6506      0

             6507  -6646      0

             6647  -6786      0

             6787  -6789      0

             6790  -6792      0

             6793  -6795      0

             6796  -6798      0

             6799  -6801      0

             6802  -6804      0

             6805  -6807      0

             6808  -6810      0

             6811  -6813      0

             6814  -6816      0

             6817  -6819      0

             6820  -6822      0

             6823  -6825      0

             6826  -6828      0

             6829  -6831      0

             6832  -6834      0

             6835  -6837      0

             6838  -6840      0

             6841  -6843      0

             6844  -6846      0

             6847  -6849      0

             6850  -6852      0

             6853  -6855      0

             6856  -6858      0

             6859  -6861      0

             6862  -6864      0

             6865  -6867      0

             6868  -6870      0

             6871  -6873      0

             6874  -6876      0

             6877  -6879      0

             6880  -6882      0

             6883  -6885      0

             6886  -6888      0

             6889  -6891      0

             6892  -6894      0

             6895  -6897      0

             6898  -6900      0

             6901  -6903      0

             6904  -6906      0

             6907  -6909      0

             6910  -6912      0

             6913  -6915      0

             6916  -6918      0

             6919  -6921      0

             6922  -6924      0

             6925  -6927      0

             6928  -6930      0

             6931  -6933      0

             6934  -6936      0

             6937  -6939      0

             6940  -6942      0

             6943  -6945      0

             6946  -6948      0

             6949  -6951      0

             6952  -6954      0

             6955  -6957      0

             6958  -6960      0

             6961  -6963      0

             6964  -6966      0

             6967  -6969      0

             6970  -6972      0

             6973  -6975      0

             6976  -6978      0

             6979  -6981      0

             6982  -6984      0

             6985  -6987      0

             6988  -6990      0

             6991  -6993      0

             6994  -6996      0

             6997  -6999      0

             7000  -7002      0

             7003  -7005      0

             7006  -7008      0

             7009  -7011      0

             7012  -7014      0

             7015  -7017      0

             7018  -7020      0

             7021  -7023      0

             7024  -7026      0

             7027  -7029      0

             7030  -7032      0

             7033  -7035      0

             7036  -7038      0

             7039  -7041      0

             7042  -7044      0

             7045  -7047      0

             7048  -7050      0

             7051  -7053      0

             7054  -7056      0

             7057  -7059      0

             7060  -7062      0

             7063  -7065      0

             7066  -7068      0

             7069  -7071      0

             7072  -7074      0

             7075  -7077      0

             7078  -7080      0

             7081  -7083      0

             7084  -7086      0

