               84    -95      0

              117   -131      0

              186   -200      0

              570   -581      0

              593   -604      0

              747   -758      0

              948   -962      0

             1009  -1020      0

             1156  -1170      0

             1181  -1192      0

             1236  -1250      0

             1287  -1301      0

             1403  -1417      0

             1492  -1503      0

             1617  -1631      0

             1812  -1823      0

             2129  -2140      0

             2267  -2278      0

             2307  -2318      0

             2357  -2368      0

             2593  -2604      0

             2672  -2683      0

             2875  -2889      0

             3018  -3032      0

             3117  -3131      0

             3442  -3453      0

             3553  -3567      0

             3632  -3643      0

             3780  -3794      0

             3867  -3878      0

             3933  -3947      0

             4002  -4013      0

             4021  -4035      0

             4120  -4131      0

             4601  -4612      0

             5039  -5053      0

             5054  -5068      0

             5268  -5282      0

             5423  -5437      0

             5507  -5518   5524  -5526      0

