                1    -30      0

               55    -72      0

              279   -300      0

              317   -338      0

              349   -372      0

              383   -404      0

              621   -642      0

              692   -713      0

              783   -804      0

              848   -871      0

             1046  -1067      0

             1082  -1103      0

             1265  -1286      0

             1302  -1325      0

             1326  -1349      0

             1777  -1800      0

             1850  -1873      0

             1874  -1897      0

             2051  -2074      0

             2196  -2217      0

             2459  -2480      0

             2559  -2578      0

             2648  -2671      0

             2921  -2944      0

             2975  -2998      0

             3164  -3185      0

             3257  -3280      0

             3305  -3328      0

             3495  -3518      0

             3644  -3665      0

             3699  -3722      0

             3832  -3855      0

             3964  -3985      0

             4182  -4205      0

             4206  -4229      0

             4481  -4502      0

             4659  -4680      0

             4746  -4767      0

             4796  -4817      0

             4837  -4860      0

             4954  -4977      0

             5090  -5113      0

             5204  -5227      0

             5327  -5348      0

             5519  -5523      0

